cases_completed: 1
cases_failed: 0
cases_total: 1
created_at: 1777324589.744444
last_updated: 1777324655.053508
status: complete
