completed_at: 1777323954.5171819
input_hash: 62b84c7b1e07fb73d34eb1553717a9d28dab9e841fe44b32e1455dff83c55116
runtime_seconds: 50.39712882041931
seed: null
started_at: 1777323904.120053
status: complete
