cases_completed: 1
cases_failed: 0
cases_total: 1
created_at: 1777323903.9407911
last_updated: 1777323954.570695
status: complete
