completed_at: 1777324655.04949
input_hash: 8a14cdbbbbaca79273cbc101040f540cf0a208b008cb7627f077e607ee458c42
runtime_seconds: 31.60994791984558
seed: null
started_at: 1777324623.439542
status: complete
